车站,下行至下一站的距离（km）,mileage,高速、动车,直达、特快,快速,普快,货车,到发线数量
哈尔滨西,40,0,2.42,3.23,4.3,5.24,6.45,4
双城北,58,40,2.06,2.38,3.3,4.12,5.15,3
扶余北,58,98,4.3,5.38,7.3,9,11.15,3
德惠西,72,156,4.12,5.15,7,8.24,10.3,3
长,12,228,4.48,6,8,9.36,12,3
长西,63,240,4.12,5.15,7,8.24,10.3,3
公主岭南,55,303,0.36,0.45,1,1.12,1.3,3
四平东,51,358,4.3,5.38,7.3,9,11.15,3
昌图西,28,409,2.24,3,4,4.48,6,3
开原西,47,437,4.3,5.38,7.3,9,11.15,3
铁岭西,54,484,2.06,2.38,3.3,4.12,5.15,3
沈阳北,5,538,2.06,2.38,3.3,4.12,5.15,3
沈阳,65,543,2.24,3,4,4.48,6,3
辽阳,30,608,4.12,5.15,7,8.24,10.3,3
鞍山西,39,638,4.12,5.15,7,8.24,10.3,3
海城西,38,677,2.24,3,4,4.48,6,3
营口东,28,715,4.48,6,8,9.36,12,3
盖州西,29,743,3.18,4.08,5.3,6.36,8.15,3
鲅鱼圈,71,772,2.24,3,4,4.48,6,3
瓦房店西,37,843,5.24,6.45,9,10.48,13.3,3
普湾,41,880,2.24,3,4,4.48,6,3
大连北,17,921,2.42,3.23,4.3,5.24,6.45,3
大连,,938,3.18,4.08,5.3,6.36,8.15,3
